0 0 0 0 0 0 0 0 0 0 0 0 0 0 0 0
0 0 0 0 0 0 0 0 0 0 0 0 0 0 0 0
0 0 3 3 3 3 3 3 3 3 3 3 3 3 0 0
0 0 3 3 3 3 3 3 3 3 3 3 3 3 0 0
0 0 3 3 3 3 3 3 3 3 3 3 3 3 0 0
0 0 3 3 3 3 3 3 3 3 3 3 3 3 0 0
0 0 3 3 3 3 3 3 3 3 3 3 3 3 0 0
1 1 3 3 3 3 8 3 3 3 3 3 3 3 1 1
1 1 3 3 3 3 17 3 3 3 3 3 3 3 1 1
0 0 3 3 3 3 3 3 3 3 3 3 3 3 0 0
0 0 3 3 3 3 3 3 3 3 3 3 3 3 0 0
0 0 3 3 3 3 3 3 3 3 3 3 3 3 0 0
0 0 3 3 4 4 4 4 4 4 4 4 4 4 0 0
0 0 3 3 4 4 4 4 4 4 4 4 4 4 0 0
0 0 0 0 0 0 0 0 0 0 0 0 0 0 0 0
0 0 0 0 0 0 0 0 0 0 0 0 0 0 0 0

0 0 0 0 0 0 0 0 0 0 0 0 0 0 0 0
0 0 0 0 0 0 0 0 0 0 0 0 0 0 0 0
0 0 3 3 3 3 3 2 2 3 3 3 3 3 0 0
0 0 3 3 3 3 3 2 2 3 3 3 3 3 0 0
0 0 3 3 3 3 3 3 3 3 3 3 3 3 0 0
0 0 3 3 3 3 3 3 3 3 3 3 3 3 0 0
0 0 3 3 3 3 3 3 3 3 3 3 3 3 0 0
0 0 3 3 4 4 4 4 4 4 4 4 3 3 0 0
0 0 3 3 4 4 4 4 4 4 4 4 3 3 0 0
0 0 3 3 3 3 3 3 3 3 3 3 3 3 0 0
0 0 3 3 3 3 3 3 3 3 3 3 3 3 0 0
0 0 3 3 3 3 3 3 3 3 3 3 3 3 0 0
0 0 3 3 3 3 3 3 3 3 3 3 3 3 0 0
0 0 3 3 3 3 3 3 3 3 3 3 3 3 0 0
0 0 0 0 0 0 0 0 0 0 0 0 0 0 0 0
0 0 0 0 0 0 0 0 0 0 0 0 0 0 0 0

0 0 0 0 0 0 0 0 0 0 0 0 0 0 0 0
0 0 0 0 0 0 0 0 0 0 0 0 0 0 0 0
0 0 3 3 3 3 3 3 3 3 3 3 3 3 0 0
0 0 3 3 3 3 3 3 3 3 3 3 3 3 0 0
0 0 3 3 3 3 3 3 3 3 3 3 3 3 0 0
0 0 3 3 3 3 3 3 3 3 3 3 3 3 0 0
0 0 3 3 3 3 3 3 3 3 3 3 3 3 0 0
1 1 3 3 3 3 3 3 3 3 3 3 3 3 1 1
1 1 3 3 3 3 3 3 3 3 3 3 3 3 1 1
0 0 3 3 3 3 3 3 3 3 3 3 3 3 0 0
0 0 3 3 3 3 3 3 3 3 3 3 3 3 0 0
0 0 3 3 3 3 3 3 3 3 3 3 3 3 0 0
0 0 3 3 4 4 4 4 4 4 4 4 3 3 0 0
0 0 3 3 4 4 4 4 4 4 4 4 3 3 0 0
0 0 0 0 0 0 0 0 0 0 0 0 0 0 0 0
0 0 0 0 0 0 0 0 0 0 0 0 0 0 0 0

0 0 0 0 0 0 0 0 0 0 0 0 0 0 0 0
0 0 0 0 0 0 0 0 0 0 0 0 0 0 0 0
0 0 3 3 3 3 3 3 3 3 3 3 3 3 0 0
0 0 3 3 3 3 3 3 3 3 3 3 3 3 0 0
0 0 3 3 3 3 3 3 3 3 3 3 3 3 0 0
0 0 3 3 3 3 3 3 3 3 3 3 3 3 0 0
0 0 3 3 3 3 3 3 3 3 3 3 3 3 0 0
1 1 3 3 3 3 3 3 3 3 3 3 3 3 1 1
1 1 3 3 3 3 3 3 3 3 3 3 3 3 1 1
0 0 3 3 3 3 3 3 3 3 3 3 3 3 0 0
0 0 3 3 3 3 3 3 3 3 3 3 3 3 0 0
0 0 3 3 3 3 3 3 3 3 3 3 3 3 0 0
0 0 3 3 4 4 4 4 4 4 4 4 3 3 0 0
0 0 3 3 4 4 4 4 4 4 4 4 3 3 0 0
0 0 0 0 0 0 0 0 0 0 0 0 0 0 0 0
0 0 0 0 0 0 0 0 0 0 0 0 0 0 0 0

0 0 0 0 0 0 0 0 0 0 0 0 0 0 0 0
0 0 0 0 0 0 0 0 0 0 0 0 0 0 0 0
0 0 3 3 3 3 3 3 3 3 3 3 3 3 0 0
0 0 3 3 3 3 3 3 3 3 3 3 3 3 0 0
0 0 3 3 3 3 3 3 3 3 3 3 3 3 0 0
0 0 3 3 3 3 3 3 3 3 3 3 3 3 0 0
0 0 3 3 3 3 3 3 3 3 3 3 3 3 0 0
1 1 3 3 3 3 3 3 3 3 3 3 3 3 1 1
1 1 3 3 3 3 3 3 3 3 3 3 3 3 1 1
0 0 3 3 3 3 3 3 3 3 3 3 3 3 0 0
0 0 3 3 3 3 3 3 3 3 3 3 3 3 0 0
0 0 3 3 3 3 3 3 3 3 3 3 3 3 0 0
0 0 3 3 4 4 4 4 4 4 4 4 3 3 0 0
0 0 3 3 4 4 4 4 4 4 4 4 3 3 0 0
0 0 0 0 0 0 0 0 0 0 0 0 0 0 0 0
0 0 0 0 0 0 0 0 0 0 0 0 0 0 0 0

0 0 0 0 0 0 0 0 0 0 0 0 0 0 0 0
0 0 0 0 0 0 0 0 0 0 0 0 0 0 0 0
0 0 3 3 3 3 3 3 3 3 3 3 3 3 0 0
0 0 3 3 3 3 3 3 3 3 3 3 3 3 0 0
0 0 3 3 3 3 3 3 3 3 3 3 3 3 0 0
0 0 3 3 3 3 3 3 3 3 3 3 3 3 0 0
0 0 3 3 3 3 3 3 3 3 3 3 3 3 0 0
1 1 3 3 3 3 3 3 3 3 3 3 3 3 1 1
1 1 3 3 3 3 3 3 3 3 3 3 3 3 1 1
0 0 3 3 3 3 3 3 3 3 3 3 3 3 0 0
0 0 3 3 3 3 3 3 3 3 3 3 3 3 0 0
0 0 3 3 3 3 3 3 3 3 3 3 3 3 0 0
0 0 3 3 4 4 4 4 4 4 4 4 3 3 0 0
0 0 3 3 4 4 4 4 4 4 4 4 3 3 0 0
0 0 0 0 0 0 0 0 0 0 0 0 0 0 0 0
0 0 0 0 0 0 0 0 0 0 0 0 0 0 0 0

0 0 0 0 0 0 0 0 0 0 0 0 0 0 0 0
0 0 0 0 0 0 0 0 0 0 0 0 0 0 0 0
0 0 3 3 3 3 3 3 3 3 3 3 3 3 0 0
0 0 3 3 3 3 3 3 3 3 3 3 3 3 0 0
0 0 3 3 3 3 3 3 3 3 3 3 3 3 0 0
0 0 3 3 3 3 3 3 3 3 3 3 3 3 0 0
0 0 3 3 3 3 3 3 3 3 3 3 3 3 0 0
1 1 3 3 3 3 3 3 3 3 3 3 3 3 1 1
1 1 3 3 3 3 3 3 3 3 3 3 3 3 1 1
0 0 3 3 3 3 3 3 3 3 3 3 3 3 0 0
0 0 3 3 3 3 3 3 3 3 3 3 3 3 0 0
0 0 3 3 3 3 3 3 3 3 3 3 3 3 0 0
0 0 3 3 4 4 4 4 4 4 4 4 3 3 0 0
0 0 3 3 4 4 4 4 4 4 4 4 3 3 0 0
0 0 0 0 0 0 0 0 0 0 0 0 0 0 0 0
0 0 0 0 0 0 0 0 0 0 0 0 0 0 0 0

0 0 0 0 0 0 0 0 0 0 0 0 0 0 0 0
0 0 0 0 0 0 0 0 0 0 0 0 0 0 0 0
0 0 3 3 3 3 3 3 3 3 3 3 3 3 0 0
0 0 3 3 3 3 3 3 3 3 3 3 3 3 0 0
0 0 3 3 3 3 3 3 3 3 3 3 3 3 0 0
0 0 3 3 3 3 3 3 3 3 3 3 3 3 0 0
0 0 3 3 3 3 3 3 3 3 3 3 3 3 0 0
1 1 3 3 3 3 3 3 3 3 3 3 3 3 1 1
1 1 3 3 3 3 3 3 3 3 3 3 3 3 1 1
0 0 3 3 3 3 3 3 3 3 3 3 3 3 0 0
0 0 3 3 3 3 3 3 3 3 3 3 3 3 0 0
0 0 3 3 3 3 3 3 3 3 3 3 3 3 0 0
0 0 3 3 4 4 4 4 4 4 4 4 3 3 0 0
0 0 3 3 4 4 4 4 4 4 4 4 3 3 0 0
0 0 0 0 0 0 0 0 0 0 0 0 0 0 0 0
0 0 0 0 0 0 0 0 0 0 0 0 0 0 0 0

0 0 0 0 0 0 0 0 0 0 0 0 0 0 0 0
0 0 0 0 0 0 0 0 0 0 0 0 0 0 0 0
0 0 3 3 3 3 3 3 3 3 3 3 3 3 0 0
0 0 3 3 3 3 3 3 3 3 3 3 3 3 0 0
0 0 3 3 3 3 3 3 3 3 3 3 3 3 0 0
0 0 3 3 3 3 3 3 3 3 3 3 3 3 0 0
0 0 3 3 3 3 3 3 3 3 3 3 3 3 0 0
1 1 3 3 3 3 3 3 3 3 3 3 3 3 1 1
1 1 3 3 3 3 3 3 3 3 3 3 3 3 1 1
0 0 3 3 3 3 3 3 3 3 3 3 3 3 0 0
0 0 3 3 3 3 3 3 3 3 3 3 3 3 0 0
0 0 3 3 3 3 3 3 3 3 3 3 3 3 0 0
0 0 3 3 4 4 4 4 4 4 4 4 3 3 0 0
0 0 3 3 4 4 4 4 4 4 4 4 3 3 0 0
0 0 0 0 0 0 0 0 0 0 0 0 0 0 0 0
0 0 0 0 0 0 0 0 0 0 0 0 0 0 0 0

0 0 0 0 0 0 0 0 0 0 0 0 0 0 0 0
0 0 0 0 0 0 0 0 0 0 0 0 0 0 0 0
0 0 3 3 3 3 3 3 3 3 3 3 3 3 0 0
0 0 3 3 3 3 3 3 3 3 3 3 3 3 0 0
0 0 3 3 3 3 3 3 3 3 3 3 3 3 0 0
0 0 3 3 3 3 3 3 3 3 3 3 3 3 0 0
0 0 3 3 3 3 3 3 3 3 3 3 3 3 0 0
1 1 3 3 3 3 3 3 3 3 3 3 3 3 1 1
1 1 3 3 3 3 3 3 3 3 3 3 3 3 1 1
0 0 3 3 3 3 3 3 3 3 3 3 3 3 0 0
0 0 3 3 3 3 3 3 3 3 3 3 3 3 0 0
0 0 3 3 3 3 3 3 3 3 3 3 3 3 0 0
0 0 3 3 4 4 4 4 4 4 4 4 3 3 0 0
0 0 3 3 4 4 4 4 4 4 4 4 3 3 0 0
0 0 0 0 0 0 0 0 0 0 0 0 0 0 0 0
0 0 0 0 0 0 0 0 0 0 0 0 0 0 0 0

0 0 0 0 0 0 0 0 0 0 0 0 0 0 0 0
0 0 0 0 0 0 0 0 0 0 0 0 0 0 0 0
0 0 3 3 3 3 3 3 3 3 3 3 3 3 0 0
0 0 3 3 3 3 3 3 3 3 3 3 3 3 0 0
0 0 3 3 3 3 3 3 3 3 3 3 3 3 0 0
0 0 3 3 3 3 3 3 3 3 3 3 3 3 0 0
0 0 3 3 3 3 3 3 3 3 3 3 3 3 0 0
1 1 3 3 3 3 3 3 3 3 3 3 3 3 1 1
1 1 3 3 3 3 3 3 3 3 3 3 3 3 1 1
0 0 3 3 3 3 3 3 3 3 3 3 3 3 0 0
0 0 3 3 3 3 3 3 3 3 3 3 3 3 0 0
0 0 3 3 3 3 3 3 3 3 3 3 3 3 0 0
0 0 3 3 4 4 4 4 4 4 4 4 3 3 0 0
0 0 3 3 4 4 4 4 4 4 4 4 3 3 0 0
0 0 0 0 0 0 0 0 0 0 0 0 0 0 0 0
0 0 0 0 0 0 0 0 0 0 0 0 0 0 0 0

0 0 0 0 0 0 0 0 0 0 0 0 0 0 0 0
0 0 0 0 0 0 0 0 0 0 0 0 0 0 0 0
0 0 3 3 3 3 3 3 3 3 3 3 3 3 0 0
0 0 3 3 3 3 3 3 3 3 3 3 3 3 0 0
0 0 3 3 3 3 3 3 3 3 3 3 3 3 0 0
0 0 3 3 3 3 3 3 3 3 3 3 3 3 0 0
0 0 3 3 3 3 3 3 3 3 3 3 3 3 0 0
1 1 3 3 3 3 3 3 3 3 3 3 3 3 1 1
1 1 3 3 3 3 3 3 3 3 3 3 3 3 1 1
0 0 3 3 3 3 3 3 3 3 3 3 3 3 0 0
0 0 3 3 3 3 3 3 3 3 3 3 3 3 0 0
0 0 3 3 3 3 3 3 3 3 3 3 3 3 0 0
0 0 3 3 4 4 4 4 4 4 4 4 3 3 0 0
0 0 3 3 4 4 4 4 4 4 4 4 3 3 0 0
0 0 0 0 0 0 0 0 0 0 0 0 0 0 0 0
0 0 0 0 0 0 0 0 0 0 0 0 0 0 0 0

0 0 0 0 0 0 0 0 0 0 0 0 0 0 0 0
0 0 0 0 0 0 0 0 0 0 0 0 0 0 0 0
0 0 3 3 3 3 3 3 3 3 3 3 3 3 0 0
0 0 3 3 3 3 3 3 3 3 3 3 3 3 0 0
0 0 3 3 3 3 3 3 3 3 3 3 3 3 0 0
0 0 3 3 3 3 3 3 3 3 3 3 3 3 0 0
0 0 3 3 3 3 3 3 3 3 3 3 3 3 0 0
1 1 3 3 3 3 3 3 3 3 3 3 3 3 1 1
1 1 3 3 3 3 3 3 3 3 3 3 3 3 1 1
0 0 3 3 3 3 3 3 3 3 3 3 3 3 0 0
0 0 3 3 3 3 3 3 3 3 3 3 3 3 0 0
0 0 3 3 3 3 3 3 3 3 3 3 3 3 0 0
0 0 3 3 4 4 4 4 4 4 4 4 3 3 0 0
0 0 3 3 4 4 4 4 4 4 4 4 3 3 0 0
0 0 0 0 0 0 0 0 0 0 0 0 0 0 0 0
0 0 0 0 0 0 0 0 0 0 0 0 0 0 0 0

0 0 0 0 0 0 0 0 0 0 0 0 0 0 0 0
0 0 0 0 0 0 0 0 0 0 0 0 0 0 0 0
0 0 3 3 3 3 3 3 3 3 3 3 3 3 0 0
0 0 3 3 3 3 3 3 3 3 3 3 3 3 0 0
0 0 3 3 3 3 3 3 3 3 3 3 3 3 0 0
0 0 3 3 3 3 3 3 3 3 3 3 3 3 0 0
0 0 3 3 3 3 3 3 3 3 3 3 3 3 0 0
1 1 3 3 3 3 3 3 3 3 3 3 3 3 1 1
1 1 3 3 3 3 3 3 3 3 3 3 3 3 1 1
0 0 3 3 3 3 3 3 3 3 3 3 3 3 0 0
0 0 3 3 3 3 3 3 3 3 3 3 3 3 0 0
0 0 3 3 3 3 3 3 3 3 3 3 3 3 0 0
0 0 3 3 4 4 4 4 4 4 4 4 3 3 0 0
0 0 3 3 4 4 4 4 4 4 4 4 3 3 0 0
0 0 0 0 0 0 0 0 0 0 0 0 0 0 0 0
0 0 0 0 0 0 0 0 0 0 0 0 0 0 0 0

0 0 0 0 0 0 0 0 0 0 0 0 0 0 0 0
0 0 0 0 0 0 0 0 0 0 0 0 0 0 0 0
0 0 3 3 3 3 3 3 3 3 3 3 3 3 0 0
0 0 3 3 3 3 3 3 3 3 3 3 3 3 0 0
0 0 3 3 3 3 3 3 3 3 3 3 3 3 0 0
0 0 3 3 3 3 3 3 3 3 3 3 3 3 0 0
0 0 3 3 3 3 3 3 3 3 3 3 3 3 0 0
1 1 3 3 3 3 3 3 3 3 3 3 3 3 1 1
1 1 3 3 3 3 3 3 3 3 3 3 3 3 1 1
0 0 3 3 3 3 3 3 3 3 3 3 3 3 0 0
0 0 3 3 3 3 3 3 3 3 3 3 3 3 0 0
0 0 3 3 3 3 3 3 3 3 3 3 3 3 0 0
0 0 3 3 4 4 4 4 4 4 4 4 3 3 0 0
0 0 3 3 4 4 4 4 4 4 4 4 3 3 0 0
0 0 0 0 0 0 0 0 0 0 0 0 0 0 0 0
0 0 0 0 0 0 0 0 0 0 0 0 0 0 0 0

0 0 0 0 0 0 0 0 0 0 0 0 0 0 0 0
0 0 0 0 0 0 0 0 0 0 0 0 0 0 0 0
0 0 3 3 3 3 3 3 3 3 3 3 3 3 0 0
0 0 3 3 3 3 3 3 3 3 3 3 3 3 0 0
0 0 3 3 3 3 3 3 3 3 3 3 3 3 0 0
0 0 3 3 3 3 3 3 3 3 3 3 3 3 0 0
0 0 3 3 3 3 3 3 3 3 3 3 3 3 0 0
1 1 3 3 3 3 3 3 3 3 3 3 3 3 1 1
1 1 3 3 3 3 3 3 3 3 3 3 3 3 1 1
0 0 3 3 3 3 3 3 3 3 3 3 3 3 0 0
0 0 3 3 3 3 3 3 3 3 3 3 3 3 0 0
0 0 3 3 3 3 3 3 3 3 3 3 3 3 0 0
0 0 3 3 4 4 4 4 4 4 4 4 3 3 0 0
0 0 3 3 4 4 4 4 4 4 4 4 3 3 0 0
0 0 0 0 0 0 0 0 0 0 0 0 0 0 0 0
0 0 0 0 0 0 0 0 0 0 0 0 0 0 0 0



